terceira parte : [15, 11, 7, 8, 6, 7, 3, 1, 27, 22, 2, 1, 2, 8, 1]
ninguem sabe na: [14, 6, 17, 11, 22, 22, 1, 27, 4, 7, 18, 4, 27, 3, 3]
aqui estou para: [1, 23, 7, 6, 27, 6, 2, 4, 12, 3, 26, 25, 1, 1, 1]
mas por zeus as: [7, 1, 8, 26, 10, 2, 1, 22, 27, 22, 23, 1, 27, 7, 3]
e creio que cad: [3, 26, 8, 8, 5, 7, 18, 24, 25, 1, 1, 24, 2, 5, 11]
examinemola ago: [3, 25, 1, 1, 1, 1, 1, 12, 20, 10, 2, 1, 5, 15, 4]
ii e justo pois: [10, 21, 27, 5, 27, 16, 11, 2, 1, 20, 24, 23, 5, 15, 7]
tem dois filhos: [15, 14, 9, 26, 10, 2, 17, 11, 23, 19, 8, 6, 1, 1, 2]
a que preco o j: [1, 26, 24, 1, 2, 5, 20, 1, 4, 1, 5, 1, 5, 27, 26]
xix quanto aque: [23, 6, 23, 27, 18, 3, 1, 21, 1, 5, 24, 1, 7, 17, 13]
mas o que e cer: [7, 1, 8, 26, 3, 27, 5, 23, 1, 27, 1, 27, 12, 9, 1]
e eu acreditari: [3, 26, 16, 24, 3, 11, 18, 3, 1, 1, 1, 1, 5, 5, 10]
mas nunca fui m: [7, 1, 6, 26, 19, 10, 10, 3, 3, 27, 14, 2, 20, 26, 12]
por isto e just: [18, 3, 2, 26, 6, 3, 2, 4, 26, 12, 24, 21, 23, 1, 1]
nao foi com ess: [12, 2, 3, 27, 19, 1, 4, 26, 10, 1, 1, 26, 8, 1, 3]
ora bem cidadao: [2, 7, 4, 26, 18, 6, 8, 22, 16, 18, 4, 1, 11, 1, 3]
mas nem mesmo a: [7, 1, 8, 26, 19, 2, 5, 27, 18, 4, 2, 7, 3, 27, 12]
nao e isso isso: [16, 4, 3, 27, 11, 26, 8, 11, 4, 3, 27, 7, 1, 2, 1]
xv em realidade: [23, 16, 27, 21, 19, 24, 9, 1, 1, 11, 9, 12, 1, 1, 8]
passemos a cons: [18, 4, 6, 1, 5, 2, 22, 1, 27, 6, 26, 9, 4, 6, 2]
agora o cidadao: [1, 11, 1, 7, 1, 27, 4, 1, 1, 21, 1, 1, 1, 1, 2]
e possivel que : [3, 26, 19, 2, 8, 1, 1, 2, 1, 1, 23, 18, 1, 1, 3]
entao somente e: [8, 14, 3, 5, 21, 27, 4, 1, 19, 12, 3, 2, 1, 20, 13]
dai aqueles que: [3, 4, 6, 27, 2, 23, 1, 7, 1, 7, 9, 26, 9, 1, 1]
de modo que com: [7, 14, 26, 7, 2, 5, 2, 9, 24, 3, 4, 27, 13, 1, 1]
e os senadores : [3, 26, 10, 2, 25, 7, 7, 16, 6, 1, 2, 4, 2, 1, 24]
contudo nao dis: [6, 3, 1, 1, 21, 8, 2, 27, 4, 6, 3, 25, 9, 19, 11]
nao facais rumo: [16, 2, 3, 27, 17, 3, 10, 1, 9, 11, 26, 10, 11, 7, 4]
xx entretanto c: [25, 25, 26, 22, 20, 5, 1, 3, 2, 6, 4, 6, 6, 26, 2]
isso acontecia : [12, 1, 5, 3, 26, 6, 10, 1, 21, 2, 1, 8, 9, 7, 26]
assim eu me vej: [1, 1, 2, 6, 2, 27, 13, 3, 27, 3, 2, 26, 25, 5, 22]
bem mais difici: [11, 5, 5, 26, 5, 3, 8, 1, 27, 7, 19, 12, 1, 1, 1]
e de fato parec: [14, 26, 7, 1, 3, 10, 6, 4, 5, 27, 1, 1, 1, 4, 2]
que devo temer : [24, 4, 5, 26, 8, 1, 18, 2, 27, 13, 2, 5, 1, 6, 27]
de que sou dign: [11, 14, 26, 13, 1, 3, 27, 2, 5, 23, 26, 4, 9, 14, 19]
nao te creio me: [17, 4, 3, 27, 22, 12, 23, 10, 4, 1, 9, 3, 27, 7, 1]
sao esses homen: [4, 2, 16, 22, 17, 2, 2, 3, 1, 26, 18, 2, 7, 1, 6]
como meleto tu : [16, 3, 5, 2, 26, 5, 1, 9, 11, 22, 4, 27, 6, 11, 27]
e ocupado em ta: [3, 26, 10, 9, 23, 1, 5, 10, 3, 27, 9, 20, 1, 20, 2]
ou dizes que eu: [2, 13, 26, 9, 17, 26, 15, 2, 27, 24, 1, 1, 27, 13, 3]
mas ja e hora d: [7, 1, 8, 26, 22, 2, 23, 3, 27, 17, 1, 4, 1, 1, 12]
