terceira parte : [20, 1, 3, 12, 4, 3, 6, 1, 27, 8, 1, 1, 4, 1, 8]
ninguem sabe na: [6, 4, 2, 24, 6, 9, 2, 25, 10, 5, 11, 7, 27, 5, 3]
aqui estou para: [1, 24, 7, 1, 27, 10, 1, 1, 7, 8, 1, 23, 1, 1, 1]
mas por zeus as: [12, 2, 8, 27, 11, 2, 1, 27, 18, 1, 12, 1, 27, 2, 1]
e creio que cad: [2, 27, 2, 5, 5, 8, 9, 6, 21, 7, 11, 27, 15, 2, 5]
examinemola ago: [2, 4, 1, 2, 2, 1, 2, 10, 6, 14, 1, 12, 2, 18, 2]
ii e justo pois: [7, 6, 27, 14, 27, 26, 6, 1, 1, 5, 1, 21, 3, 12, 4]
tem dois filhos: [20, 1, 14, 27, 13, 2, 8, 2, 27, 15, 9, 10, 16, 5, 4]
a que preco o j: [1, 27, 22, 1, 6, 27, 16, 2, 4, 2, 3, 27, 5, 6, 22]
xix quanto aque: [25, 3, 14, 27, 21, 8, 1, 15, 8, 2, 27, 4, 4, 1, 4]
mas o que e cer: [12, 1, 8, 27, 2, 27, 21, 1, 1, 27, 13, 27, 14, 5, 1]
e eu acreditari: [2, 27, 3, 7, 27, 5, 1, 7, 1, 1, 1, 1, 2, 2, 7]
mas nunca fui m: [9, 2, 8, 27, 9, 7, 7, 2, 1, 27, 16, 6, 9, 27, 3]
tu acreditas ac: [22, 13, 27, 1, 2, 5, 1, 3, 1, 1, 2, 15, 27, 2, 1]
que o juiz nao : [23, 1, 6, 27, 10, 27, 22, 5, 2, 2, 9, 21, 2, 3, 7]
por isto e just: [14, 6, 10, 27, 8, 1, 2, 4, 27, 4, 9, 21, 1, 1, 1]
nao foi com ess: [6, 1, 3, 6, 11, 2, 3, 27, 8, 2, 3, 27, 10, 2, 5]
ora bem cidadao: [3, 4, 3, 27, 11, 9, 4, 7, 4, 9, 15, 1, 5, 1, 4]
mas nem mesmo a: [12, 2, 8, 27, 17, 3, 3, 27, 18, 1, 14, 3, 6, 7, 4]
nao e isso isso: [6, 1, 3, 5, 10, 27, 6, 6, 6, 3, 27, 4, 2, 4, 1]
xv em realidade: [25, 24, 27, 1, 21, 27, 6, 4, 1, 1, 6, 1, 1, 9, 1]
passemos a cons: [14, 2, 8, 1, 9, 12, 11, 1, 27, 3, 27, 5, 1, 4, 1]
agora o cidadao: [1, 20, 3, 2, 1, 6, 4, 27, 2, 15, 4, 1, 3, 1, 3]
e possivel que : [2, 27, 8, 5, 10, 1, 1, 16, 1, 1, 27, 13, 1, 3, 8]
entao somente e: [2, 18, 4, 2, 3, 6, 3, 4, 1, 3, 6, 7, 1, 8, 3]
dai aqueles que: [12, 2, 3, 27, 6, 23, 6, 8, 14, 1, 10, 27, 21, 8, 1]
de modo que com: [9, 1, 27, 9, 3, 3, 2, 27, 23, 8, 3, 27, 2, 2, 1]
e os senadores : [2, 27, 5, 7, 27, 10, 3, 5, 1, 8, 3, 8, 1, 1, 8]
contudo nao dis: [11, 3, 1, 9, 7, 3, 2, 7, 6, 2, 4, 16, 4, 3, 3]
nao facais rumo: [6, 1, 3, 4, 17, 1, 4, 1, 11, 4, 27, 7, 13, 4, 3]
xx entretanto c: [25, 5, 27, 3, 18, 21, 4, 3, 9, 1, 3, 13, 2, 27, 2]
isso acontecia : [7, 1, 8, 3, 27, 3, 2, 2, 22, 12, 1, 6, 9, 3, 27]
assim eu me vej: [1, 1, 1, 7, 3, 6, 3, 5, 18, 6, 4, 27, 14, 3, 6]
bem mais difici: [15, 1, 9, 9, 3, 1, 1, 1, 27, 17, 9, 10, 1, 1, 1]
e de fato parec: [13, 27, 4, 1, 27, 12, 1, 18, 6, 27, 17, 2, 3, 2, 2]
que devo temer : [22, 1, 1, 27, 12, 3, 24, 2, 27, 21, 2, 13, 5, 1, 27]
de que sou dign: [12, 1, 27, 23, 1, 1, 27, 13, 3, 21, 27, 11, 10, 15, 5]
nao te creio me: [6, 1, 3, 6, 20, 3, 27, 2, 8, 4, 3, 3, 15, 13, 1]
sao esses homen: [4, 2, 13, 10, 3, 4, 3, 6, 2, 27, 12, 1, 2, 1, 4]
como meleto tu : [11, 6, 11, 2, 7, 5, 3, 12, 6, 22, 5, 12, 7, 9, 27]
admiti tambem v: [1, 11, 9, 1, 19, 3, 7, 10, 1, 7, 3, 1, 1, 16, 21]
e nao vos encol: [13, 27, 8, 3, 7, 7, 24, 7, 12, 27, 3, 1, 1, 3, 6]
agora procurare: [1, 16, 3, 2, 1, 6, 16, 4, 3, 2, 1, 1, 1, 5, 7]
isso e que e ma: [7, 1, 1, 3, 27, 6, 7, 23, 1, 4, 27, 1, 12, 10, 2]
o fato e que me: [3, 27, 15, 2, 21, 2, 27, 3, 27, 4, 1, 1, 27, 11, 1]
em poucas palav: [13, 19, 27, 6, 7, 22, 1, 5, 7, 27, 1, 2, 13, 1, 1]
e nao temo em a: [13, 27, 15, 2, 5, 27, 12, 3, 19, 5, 27, 10, 4, 27, 2]
esta e a acusac: [13, 1, 9, 1, 27, 3, 7, 1, 27, 5, 3, 10, 2, 2, 4]
e nao digo isso: [14, 27, 11, 3, 5, 7, 11, 6, 19, 7, 8, 9, 12, 12, 1]
viii por fim ta: [17, 4, 5, 8, 27, 23, 3, 1, 27, 10, 10, 11, 1, 22, 2]
ao contrario eu: [1, 12, 4, 2, 5, 7, 10, 5, 1, 13, 3, 3, 27, 11, 8]
e apresento tes: [2, 27, 1, 7, 2, 1, 5, 4, 1, 1, 2, 6, 6, 10, 9]
embora vendo am: [13, 19, 13, 3, 1, 5, 27, 24, 1, 1, 13, 3, 9, 2, 5]
se eu fosse rea: [4, 1, 27, 5, 12, 27, 14, 5, 20, 1, 1, 27, 7, 1, 5]
assim se a mort: [1, 1, 1, 7, 3, 6, 1, 9, 27, 4, 8, 12, 3, 7, 13]
e se acreditare: [13, 27, 1, 7, 27, 1, 2, 6, 1, 1, 1, 1, 2, 1, 4]
conheceis bem x: [11, 3, 1, 17, 1, 2, 1, 5, 11, 14, 13, 5, 3, 25, 26]
assim pois como: [1, 3, 4, 4, 3, 6, 7, 2, 9, 1, 10, 4, 2, 1, 2]
nunca ao menos : [6, 4, 14, 3, 1, 27, 6, 15, 27, 21, 1, 3, 6, 1, 7]
e a testemunha : [4, 27, 1, 27, 16, 4, 4, 1, 5, 11, 7, 4, 4, 1, 6]
mas como sao ho: [9, 1, 8, 27, 2, 2, 3, 10, 27, 7, 4, 14, 27, 22, 1]
se pois creio n: [4, 1, 27, 6, 5, 8, 2, 7, 4, 6, 4, 3, 3, 27, 8]
se acreditais m: [4, 1, 27, 2, 2, 5, 1, 3, 1, 1, 1, 1, 1, 15, 3]
e nao seria sem: [13, 27, 7, 3, 5, 7, 10, 3, 7, 9, 1, 8, 6, 3, 4]
disso vos poder: [12, 5, 1, 3, 2, 27, 19, 5, 8, 27, 8, 3, 2, 4, 6]
tambem naquele : [14, 2, 12, 3, 3, 2, 1, 6, 1, 22, 13, 5, 14, 4, 27]
mas talvez pude: [9, 1, 4, 27, 5, 1, 15, 18, 1, 10, 27, 8, 7, 1, 4]
e quando alguem: [13, 27, 25, 1, 2, 15, 3, 2, 27, 2, 15, 18, 8, 4, 3]
diz primeiro qu: [12, 5, 17, 27, 15, 5, 7, 2, 1, 2, 1, 5, 27, 21, 2]
ora e isso que : [3, 4, 5, 27, 12, 27, 7, 10, 2, 2, 14, 17, 1, 3, 6]
e ocupado em ta: [13, 27, 6, 12, 7, 1, 2, 15, 3, 27, 7, 19, 1, 17, 2]
ou dizes que eu: [3, 10, 27, 15, 3, 4, 11, 10, 27, 22, 9, 3, 27, 13, 7]
mas ja e hora d: [9, 1, 3, 27, 21, 1, 27, 3, 27, 20, 1, 1, 1, 27, 1]
por toda parte : [5, 8, 1, 27, 10, 4, 3, 1, 27, 7, 3, 1, 5, 1, 27]
mas a coisa est: [9, 2, 3, 27, 3, 27, 12, 3, 10, 1, 2, 27, 1, 4, 3]
esta minha defe: [13, 1, 11, 1, 10, 6, 8, 6, 19, 1, 27, 3, 1, 7, 3]
vamos pois tu m: [17, 2, 17, 10, 10, 1, 16, 2, 9, 3, 10, 22, 6, 24, 3]
qual suponho qu: [22, 1, 3, 11, 27, 9, 7, 6, 4, 11, 24, 3, 27, 4, 1]
entretanto e as: [13, 6, 4, 3, 3, 3, 1, 3, 7, 2, 25, 3, 9, 8, 1]
ou nao os corro: [3, 10, 27, 6, 4, 2, 2, 2, 8, 27, 2, 3, 7, 2, 2]
e ao contrario : [13, 27, 1, 13, 27, 6, 5, 1, 1, 6, 1, 11, 6, 5, 7]
mas se agora se: [17, 2, 5, 27, 2, 3, 27, 3, 18, 5, 1, 1, 27, 10, 1]
oh como estou c: [3, 19, 27, 10, 5, 17, 2, 27, 11, 10, 11, 7, 23, 27, 1]
contudo por zeu: [11, 6, 1, 6, 7, 3, 2, 7, 20, 5, 1, 27, 24, 2, 6]
procurei demons: [5, 4, 2, 12, 1, 1, 4, 7, 27, 17, 1, 8, 2, 2, 6]
entre esses arr: [13, 12, 4, 4, 3, 27, 1, 2, 2, 1, 1, 27, 7, 1, 13]
mas platao cida: [9, 1, 8, 27, 7, 16, 1, 10, 2, 13, 27, 12, 10, 15, 1]
cres que tenha : [11, 4, 9, 8, 27, 24, 7, 3, 27, 12, 1, 20, 18, 1, 27]
em verdade ouvi: [13, 19, 27, 24, 1, 5, 14, 4, 2, 3, 7, 18, 12, 4, 3]
do contrario o : [12, 3, 27, 12, 3, 4, 5, 6, 1, 10, 4, 2, 27, 10, 27]
sim porque nao : [4, 7, 2, 27, 6, 2, 1, 23, 1, 1, 27, 7, 2, 2, 27]
e tal fato come: [13, 27, 23, 2, 14, 27, 19, 1, 19, 3, 27, 14, 1, 3, 7]
tal e mais ou m: [14, 2, 21, 27, 1, 27, 7, 1, 4, 1, 27, 7, 7, 27, 3]
eu estou dentro: [13, 10, 27, 2, 8, 10, 11, 8, 12, 12, 2, 21, 19, 8, 1]
saibam quantos : [4, 2, 1, 13, 1, 20, 27, 22, 1, 2, 9, 2, 1, 4, 9]
porquanto cada : [5, 8, 7, 23, 1, 2, 20, 5, 2, 27, 13, 1, 5, 1, 27]
dai me veio o o: [12, 2, 7, 27, 19, 14, 6, 24, 11, 9, 3, 27, 1, 27, 3]
pois que se me : [14, 8, 4, 1, 27, 25, 11, 3, 27, 9, 1, 27, 4, 3, 25]
pois que estou : [5, 8, 2, 1, 27, 27, 1, 3, 27, 3, 1, 1, 5, 11, 27]
pois que eu cre: [5, 8, 2, 1, 27, 24, 1, 9, 27, 13, 12, 27, 2, 6, 4]